
best_r2:0.8717833034819589
best_mse:0.4057760470613977
best_gens:[1 1 0 1 1 1 1 1 0 1 1 0 1 0 1 1]
iteration_size:700
pop_size:20
pc:0.72
pm0.03
Totoal time cost:1595
ratio_list
[0.017185092172689112, 0.015100585621171673, 0.013027472828987034, 0.011590183837821578, 0.01022210019573972, 0.0042669972088951215, 0.001731964462122677, 0.003732391141468068, 0.0022176068297081455, 0.001906231424449812, 0.003686952160684194, 0.0035732792027887397, 0.0020183605993228104, 0.0014723863905972577, 0.0020689136514611254, 0.014270348065024373, 0.0020261277262515337, 0.004714804694715469, 0.0024137894378573384, 0.00395338922245437, 0.004332735315457101, 0.003618951732491737, 0.002703734710102754, 0.0013287451404765047, 0.004599552629534614, 0.0012060628126651677, 0.0016034361261622267, 0.0014649988415809188, 0.001337814079704233, 0.001151592364056205, 0.003233873331196132, 0.001259926473456589, 0.0010545891462116137, 0.0017608907606468428, 0.0011521855092021353, 0.001704048299115462, 0.001815967278711686, 0.0014725440169786124, 0.001107818746845501, 0.0015116377040551587, 0.001359879727221156, 0.0014325495062169854, 0.0017018824954680434, 0.0012639495333646735, 0.0035531712328963263, 0.001223637566297721, 0.001957478198112333, 0.0017749735475558735, 0.0015907094755431552, 0.0016910858904084227, 0.0019360814483386402, 0.0014079602766456812, 0.0017005184353081047, 0.0011816530069762702, 0.0013712654962331138, 0.005463234709053718, 0.0011349785659519826, 0.004762432137357634, 0.0016611325295523547, 0.002453669180690722, 0.002964609149953153, 0.0035910833605824915, 0.0039203715373882925, 0.0030090083983806025, 0.0027868851431125225, 0.001153442845888138, 0.0028181927487842392, 0.001057636665013503, 0.0011873712222072684, 0.0008231347670161433, 0.0014784637729220909, 0.0010739011857540607, 0.006231011828429167, 0.0016181654638013762, 0.0010135988222809713, 0.0006775374099340358, 0.0013351838711239798, 0.0011876167349134717, 0.002097361681937979, 0.004447520247978614, 0.0012953446132799112, 0.0007641226944734167, 0.0010936991676585505, 0.0008263995153143755, 0.0008349814592813964, 0.005700792382835572, 0.0010201309953643577, 0.0015062045136467563, 0.0007999056906870058, 0.0055219221093883095, 0.0008147828288930112, 0.0012856002290949841, 0.0017461410250971968, 0.008591999886456285, 0.001708495235430306, 0.0011812964419552286, 0.00300038696328962, 0.0026720077962151052, 0.007971686007263766, 0.003182043206748932, 0.010158999004073967, 0.009557256202477063, 0.0019019842119214821, 0.0008914909758187004, 0.0043444968463576894, 0.008224927664794277, 0.0008870883034988421, 0.0013855857710045644, 0.0014721451105407517, 0.0015836070782063276, 0.0015803191768932788, 0.01044237822142782, 0.0019990892736440995, 0.0010812025269173622, 0.0017559484363763554, 0.0015389071010677709, 0.001674382886574784, 0.004495853619043123, 0.002734715536763263, 0.004221544460959669, 0.0029278800899010995, 0.002484321274012665, 0.0061213657250173215, 0.0023105178564573046, 0.0021071684967722557, 0.0009697299324435708, 0.0061360647570257235, 0.0010512750476711157, 0.0014789865337941836, 0.0076044414214831305, 0.0016503548980358986, 0.0011936353627499978, 0.0018098755449786807, 0.005025424435878122, 0.006229828903869934, 0.004287016489694165, 0.0018250362579755723, 0.0019406415732545264, 0.008626646848017625, 0.004303980081099346, 0.0015873105285569402, 0.002215991426774552, 0.0015813101520137877, 0.0020426230452596445, 0.0026235064925203655, 0.0011620055096726103, 0.0047970583141963615, 0.0016118902277767716, 0.006347876354448343, 0.0013707665710325535, 0.0017542498489461391, 0.008156830263357893, 0.005504176046018093, 0.0073788110934653005, 0.0020292391889128293, 0.0062129667104833825, 0.002814364875572794, 0.0014344972538418402, 0.0029343577756963096, 0.0014470958365365673, 0.0074817121548355695, 0.0007583195199500567, 0.001500080255004592, 0.0016399226477250793, 0.0021547014703908306, 0.0012113309850113165, 0.00443191595341041, 0.0019338078971347819, 0.0019235047558552405, 0.004159915175277906, 0.0014770105614727608, 0.006361863456511009, 0.0026450702348178976, 0.0009112318623394346, 0.00590907928156651, 0.0014894637488914759, 0.0021755572331067954, 0.0016665999479971477, 0.0020563428482349147, 0.009150670902911317, 0.006117695388682097, 0.0016202401490435423, 0.009400147873003244, 0.0014067011578780429, 0.0036320223870852982, 0.0031507013489079404, 0.0018952024511036422, 0.001616293667747458, 0.0017347494614990344, 0.00394015568175844, 0.006590519888294313, 0.0013843758452236653, 0.002113907301552541, 0.006400650258248378, 0.0025484036952106146, 0.0024610483253584884, 0.006979135823226808, 0.004262132477168096, 0.0015450947253197575, 0.00236060428367775, 0.0025620416801799078, 0.001735573178819363, 0.0012197727820317523, 0.0024188506911432045, 0.0045336397622354665, 0.0012852824543741822, 0.008453802911388855, 0.00183847651017428, 0.0040037796386770755, 0.005781425832738942, 0.0025350013314784977, 0.0076761373017363785, 0.0018574596832150166, 0.0019417127170158306, 0.0009766598715761122, 0.001785897002813671, 0.0012376383005370628, 0.0073942329774971585, 0.008352869215348904, 0.007697105420619523, 0.0012432434147035024, 0.0015140585473879984, 0.0013636217747467528, 0.006987114821197517, 0.008718601741140915, 0.0016442613392614893, 0.0023084361618038647, 0.0018789946269684244, 0.0019914116345687567, 0.007676644079784722, 0.008973783026509334, 0.002706387756160422, 0.004222593276242081, 0.0013481271878619282, 0.0017460692591685964, 0.0022537491853425783, 0.0012090879220903424, 0.0014708787136119628, 0.0012826541953641088, 0.0015453240935298467, 0.0018471702769876802, 0.007685315717067368, 0.0017748033471506428, 0.0028847918746678506, 0.0020688675087038974, 0.004533193678280994, 0.005355096643590752, 0.0020398169416320695, 0.0017741502005091962, 0.0015036339140151356, 0.0014018208324491372, 0.004069498298323949, 0.0021009954192400078, 0.001372140813277779, 0.010315223363139099, 0.0009369236247455699, 0.0009444468474572, 0.0018477262629148345, 0.00756364597733709, 0.004699761790868861, 0.0017444665172657136, 0.001779716549413294, 0.0009341733171477701, 0.0020330177887253917, 0.0024338304360602267, 0.0013347125090705293, 0.002384940510732319, 0.0019524102888473518, 0.00764092886636673, 0.0016535146705755816, 0.0009121769480255283, 0.0014767048621888578, 0.0012947149105196618, 0.00482422116540498, 0.0014180390004329667, 0.0015144671274297235, 0.005694064367206325, 0.000951912188809004, 0.006324788029673024, 0.0030404713688307185, 0.000911341301165053, 0.008113993485827685, 0.00613743663718155, 0.0019631116530759492, 0.004734631359659442, 0.0014761571120951, 0.001523757469856248, 0.00781585249392991, 0.0059946180951890035, 0.0019331262640293488, 0.0025393658547647104, 0.005395045322625348, 0.0026269625968137196, 0.0013921879404218723, 0.0012709065283838723, 0.0009196657366417282, 0.0019557131612900304, 0.0019003763909506315, 0.009035637413752748, 0.0014262091301174634, 0.0030020518938779386, 0.007479444211754629, 0.004406612387676299, 0.0017474655655650767, 0.0022032350047014354, 0.005993574832868327, 0.006080647071025123, 0.006926208996450659, 0.0035393172370276767, 0.0020754771378558557, 0.0008651755677096602, 0.0033781478849043496, 0.001987972654562505, 0.005310917016981838, 0.006601692643084877, 0.0007170034725849196, 0.00654107140539337, 0.001416773311345146, 0.0017582914942770186, 0.004301174060963375, 0.002619846534910514, 0.007675347946286573, 0.002098428979936683, 0.00508052792756481, 0.005738562718724779, 0.005129251781143619, 0.0019341801582875024, 0.001195142741027875, 0.0018472869374680904, 0.008191080947418532, 0.0013496122259313017, 0.0010871604583512508, 0.0018603089669655779, 0.0015502549028205876, 0.0010244784819847725, 0.0018989796482193491, 0.0007095497642687403, 0.00608931875444755, 0.007638101507600746, 0.0016033985373747675, 0.0023582297818660193, 0.002020996769494467, 0.005967802660145446, 0.001298179514810049, 0.006371417523719957, 0.0026040528820569157, 0.0018927141323307043, 0.001965307977300058, 0.005348004079236262, 0.0017782650031237638, 0.0062456750713215745, 0.0112110181174801, 0.0015064674900380067, 0.001848867718562061, 0.0014257431520602365, 0.0015074856103535475, 0.0022618003077412036, 0.002363436318696583, 0.0022131639687904643, 0.0015225042179166368, 0.0013052712763654657, 0.0015261795977708032, 0.001785799925165269, 0.0016223275445524904, 0.0011038256516638387, 0.005516665596466041, 0.0054264241612388, 0.007826111739072425, 0.002589939167318695, 0.0008925326036260795, 0.001923750848886692, 0.0065101781617180375, 0.006578505352452991, 0.0009538817874793579, 0.0021831474169981394, 0.0020760423636365004, 0.0013614196625515614, 0.009320568051101926, 0.0014149605749925317, 0.0016764936932281399, 0.0007706149225269925, 0.0014568424541965314, 0.0029373322262671894, 0.002001586223691351, 0.0017037924889516788, 0.0060308549970059175, 0.002119844249316192, 0.0014742775420646544, 0.002715063025157062, 0.0013091627493880653, 0.0014983746080648218, 0.0014368826950039838, 0.0018667565183210645, 0.00198101797779216, 0.001708496733087347, 0.0012923499737345634, 0.0017851775800282578, 0.006594245277225591, 0.008159067644098444, 0.0016903303887200337, 0.004386580479425288, 0.005478187049116372, 0.0013209151214831109, 0.008511849883977157, 0.010696006320169569, 0.003904908211951884, 0.008259522919033981, 0.002152116064540106, 0.0020949269012662335, 0.004056252390293412, 0.0009014560533239318, 0.0013131759570321577, 0.006966199854486375, 0.005211175808431778, 0.0010141587102621547, 0.0008830727507673064, 0.0012127406815073398, 0.0013781007683903153, 0.0014576005875662735, 0.0016713861258854314, 0.001977204722636819, 0.005892688136206169, 0.007674859625269713, 0.001222087854882011, 0.001412514292663116, 0.006143740447444796, 0.008630550909106442, 0.0012059625888980277, 0.0013342229311901026, 0.005295820326513893, 0.009695994712757972, 0.010099195582451021, 0.00671673422547327, 0.0010454216873206615, 0.000934220839438519, 0.005621213992690637, 0.0014472042531542423, 0.001097923128785349, 0.0017034034305688243, 0.001001447018247408, 0.0022485300494648644, 0.0015782930194690509, 0.0014328144833187903, 0.0027775330457942117, 0.00320631413345323, 0.0009422396827815369, 0.0018994937136648518, 0.001394305639139007, 0.0019270424324312743, 0.0010714480227889186, 0.0015661249785933853, 0.0013099352934845278, 0.0016414777829402512, 0.001484457915139026, 0.0025350080686620943, 0.008092240133499094, 0.009348466932372112, 0.0022831076630929832, 0.0016853333684482168, 0.006372484526000283, 0.0016078726054266652, 0.000991867622997377, 0.003468141651851077, 0.0010819456212520359, 0.006895550276370494, 0.011338397845580533, 0.005984465429355533, 0.002510157763533669, 0.008578617373340074, 0.0008748245922117343, 0.0009659373222039902, 0.0009225247252524067, 0.006534981678602635, 0.0069685464249120855, 0.004265601042787287, 0.003937892390441983, 0.0045219489527925615, 0.0011688692735727108, 0.002049086522624023, 0.000961374188146042, 0.0050948110015339425, 0.002682477979967406, 0.0017170432272967332, 0.0029344756443474554, 0.0015711501667704775, 0.0017816435494237715, 0.007225087750679312, 0.006356743757036328, 0.000787082227434384, 0.001664754913941637, 0.0012687417956800705, 0.0015344496891863122, 0.010126607461134777, 0.0018309757017658998, 0.001546276594503889, 0.0039481969660052855, 0.005021643967338129, 0.0017923509172896007, 0.004177448277396443, 0.00504362680755563, 0.0026588336499460377, 0.002656052842291014, 0.0029283171373341854, 0.0019842721322667813, 0.0024593879214628704, 0.004516297450068885, 0.001863620240309237, 0.002077948044025967, 0.001570872005127955, 0.0007842663777049032, 0.0018980631337530255, 0.0035248796705869283, 0.0011233110435789847, 0.010471583316786649, 0.009951333528934242, 0.0016387572188516597, 0.006780718944658733, 0.001647106946300064, 0.0008610293524672044, 0.007268362893410903, 0.004817433399513695, 0.0017711610582859408, 0.0020925256132465313, 0.0020626734145229564, 0.0010489057985726253, 0.0010757221234503902, 0.0016511142780558507, 0.009539892550437027, 0.0019174129888232935, 0.0017298089408974164, 0.002788360653594587, 0.001674317165357633, 0.0049683425789675845, 0.0008377887854640638, 0.005923852428172437, 0.004475439474249495, 0.0007484464670943154, 0.0007898481159476178, 0.0015610120226785765, 0.003104207408498892, 0.00585721730668072, 0.0016382235777179085, 0.0025711298650674787, 0.0015788683152001244, 0.0018443605972046724, 0.005193112922234047, 0.0013958210098772843, 0.005701330439884351, 0.001835608065396438, 0.001173958332602146, 0.0010141772690276858, 0.0007826002901278789, 0.0054246874135403965, 0.0019111314179283353, 0.001160953174677694, 0.001344063108015572, 0.00967564280897289, 0.006074488970223518, 0.001885874805244836, 0.0009764027577462628, 0.002178514250396737, 0.0017199628860940898, 0.003291766396516291, 0.006950978110795128, 0.0008315525319981477, 0.006358906153703506, 0.0016208905264088129, 0.0020090691253889484, 0.007911463478458449, 0.0016762333801034546, 0.0017159144810079928, 0.009240469623663617, 0.0010497166824785615, 0.005560472489869377, 0.00156158148034845, 0.0017929671548307486, 0.0016427653759231288, 0.00091100114373067, 0.0018552603911307411, 0.0012245579950182501, 0.001960667349514433, 0.001992484624249043, 0.002069377354243341, 0.0019156510867401767, 0.00807901441370296, 0.000951159034101024, 0.002174720575848687, 0.0016655796116015018, 0.0017027748165950943, 0.0021715351544057656, 0.001394815316176571, 0.0009714887101475525, 0.0024200569302051888, 0.005359511807935716, 0.006359898279379327, 0.007028854408981447, 0.0020036901484056734, 0.008448011750231472, 0.005912676905980562, 0.0011218757472473645, 0.0015819003052869776, 0.0044877148990619745, 0.0019171652176118003, 0.004520969328441026, 0.006641577770753349, 0.001652350461627706, 0.00831988787130408, 0.006025650419702833, 0.005798894535367052, 0.002040609910250659, 0.0014409220877755458, 0.0018400992944138726, 0.0015087225183521133, 0.00616716617637996, 0.0018557530274698653, 0.0009722089148576213, 0.0018688244411063273, 0.0014877069510224731, 0.0018635244517761127, 0.003608748357380371, 0.005881358671205434, 0.004741497707412497, 0.003025881685772733, 0.0031240125524185907, 0.007614747113044024, 0.006747564110532209, 0.002138552265556442, 0.006260131424233454, 0.0017435724218595784, 0.0017503965832655363, 0.0016761639909526286, 0.000826932269523813, 0.001968619285424173, 0.0009841370612574645, 0.0025454656700446584, 0.0072406246680233235, 0.00227445584690479, 0.0010931603650271209, 0.0012473952430052716, 0.0009681083043227588, 0.009391626258898235, 0.004982594850127253, 0.0011441864216698559, 0.0021808728083996098, 0.0012639883004742438, 0.0015807558391630516, 0.0018135301257359993, 0.0012589552299513852, 0.0017405028489925788, 0.004802891070626666, 0.0007743682106697771, 0.001684119690947775, 0.008959149947534932, 0.0009367554741527645, 0.0020769159737876923, 0.0018472813577534379, 0.005298294875511964, 0.00990387352920636, 0.0014455805103959544, 0.003712921457595946, 0.0020969239581612596, 0.0013036562208316351, 0.0017668291930770413, 0.006004520007764238, 0.0025205545474211743, 0.002198641005691827, 0.006194536571361953, 0.0018015870764506107, 0.004522247666765891, 0.001429474569374073, 0.0017874797382186162, 0.0008185512846492092, 0.0010796554469504128, 0.0020079351149049148, 0.002043596384833112, 0.006329763626288183, 0.0016404018175536974, 0.0010401659716270364, 0.0012502990311869966, 0.0043224278073483715, 0.00224966915283105, 0.002208563054750522, 0.0014489682178211345, 0.0065311940872392485, 0.0013106221709652305, 0.006353376585899808, 0.002253240937587562, 0.0010713679653728857, 0.001830665749793447, 0.0017543471019053447, 0.006108659073583599, 0.0054229528417783935, 0.0017934945424539705, 0.0015994308615640363, 0.009143182801470496, 0.0017283350633186764, 0.0017913574280400875, 0.005378012253915569, 0.002075441772277145, 0.006072843875848641]